total loss : 1.29535691274537  psnr : 41.121968272095934  ssim : 0.9715248145453524  93truns 33hours
Final Results:
PSNR: 41.1220 ± 3.3610
SSIM: 0.9715 ± 0.0191
NIQE: 5.1270 ± 0.7365
LPIPS: 0.0747 ± 0.0454
BRISQUE: 55.9358 ± 7.9022
SmoothL1 Loss: 1.2954 ± 0.6175

Final Results:
PSNR: 40.5807 ± 3.3848
SSIM: 0.9695 ± 0.0202
NIQE: 5.1324 ± 0.7222
LPIPS: 0.0781 ± 0.0479
BRISQUE: 55.6782 ± 8.2182
SmoothL1 Loss: 1.3576 ± 0.6759


it total loss : 1.4493105285697514  psnr : 39.61056659087597  ssim : 0.9682189385175857
Final Results:
PSNR: 39.6106 ± 2.9033
SSIM: 0.9682 ± 0.0198
NIQE: 5.1663 ± 0.6678
LPIPS: 0.0851 ± 0.0493
BRISQUE: 56.4956 ± 7.4240
SmoothL1 Loss: 1.4493 ± 0.6848